x <- 5
y <- x + 8
